0.jpg
5
111,425,122,127,0,0,0,1,1
209,347,70,103,0,0,0,1,0
368,252,89,133,0,0,0,1,0
555,282,89,100,0,0,0,1,1
707,252,92,133,0,0,0,1,0
1.jpg
4
260,303,78,96,2,0,0,0,0
666,325,40,52,0,0,1,1,0
810,308,31,39,0,0,1,0,0
712,336,32,44,0,0,1,1,0
2.jpg
3
7,399,201,342,0,0,0,0,0
283,680,164,208,0,0,0,0,0
712,351,292,374,0,0,0,0,0
3.jpg
3
245,169,31,40,0,0,2,0,0
570,244,39,45,0,0,2,0,0
850,183,32,35,0,0,2,0,0
4.jpg
3
527,264,39,51,0,0,0,0,0
792,439,41,48,0,0,1,0,0
984,456,33,44,0,0,1,0,0
5.jpg
8
270,187,45,73,2,0,1,0,0
338,206,35,48,0,0,1,0,0
435,272,32,35,0,0,1,0,0
511,162,34,40,0,0,1,0,0
641,574,43,71,0,0,0,0,0
909,545,42,90,1,0,0,0,0
975,522,49,118,0,0,0,0,0
969,472,35,72,2,0,0,0,0
6.jpg
5
114,162,70,106,0,0,0,0,0
254,118,84,112,0,0,0,0,0
472,42,84,112,0,0,0,0,0
666,136,70,96,0,0,0,0,0
764,112,92,110,0,0,0,0,0
7.jpg
4
0,0,37,61,0,0,0,0,0
468,125,57,87,0,0,0,1,0
114,298,67,98,0,0,0,0,0
829,25,44,56,0,0,1,0,0
8.jpg
5
326,156,32,41,0,0,0,0,0
395,173,33,45,0,0,0,0,0
485,166,40,56,0,0,0,0,0
726,131,49,66,0,0,0,0,0
831,119,32,43,0,0,0,0,0
9.jpg
6
142,270,34,44,0,1,2,0,1
340,257,31,34,0,0,2,0,0
394,220,37,50,0,0,1,0,0
766,156,49,53,0,0,1,0,0
917,155,34,43,0,0,1,0,0
210,586,38,87,0,0,1,0,1
10.jpg
9
693,257,171,101,0,0,0,0,1
839,81,82,90,1,0,1,0,0
303,46,32,40,1,0,2,0,0
224,84,38,45,0,0,2,0,0
392,84,34,56,0,0,2,0,0
456,93,33,52,0,0,2,0,0
945,202,34,47,2,0,2,0,0
72,80,40,48,1,0,2,0,0
720,125,52,54,2,0,1,0,0
11.jpg
18
55,117,31,38,0,0,1,0,0
23,197,38,48,0,0,1,0,0
131,237,34,45,0,0,1,0,0
246,145,32,34,0,0,1,0,0
341,117,32,41,0,0,1,0,0
176,283,39,49,0,0,1,0,0
294,287,42,52,0,0,1,0,0
410,82,35,46,0,0,1,0,0
489,121,34,45,0,0,1,0,0
556,82,34,47,0,0,1,0,0
812,200,36,47,0,0,1,0,0
797,282,38,54,0,0,1,0,0
701,287,38,51,0,0,1,0,0
969,151,33,41,0,0,1,0,0
938,207,42,47,0,0,1,0,0
895,319,38,52,0,0,1,0,0
244,194,42,46,0,0,1,0,0
663,222,33,40,0,0,1,0,0
12.jpg
5
280,210,36,34,0,0,0,0,1
675,639,34,39,0,0,0,0,0
819,616,37,48,0,0,1,0,0
905,652,42,29,2,0,1,0,0
981,639,39,44,0,1,2,0,0
13.jpg
2
42,330,35,44,1,0,1,0,0
848,354,32,42,0,0,1,0,0
14.jpg
4
770,120,138,196,0,0,0,0,0
482,192,54,104,0,0,0,0,0
324,174,78,146,0,0,0,0,0
192,12,114,282,0,0,0,0,1
15.jpg
3
190,60,72,168,0,0,0,0,0
412,170,72,124,0,0,0,0,0
760,132,74,140,0,0,0,0,0
16.jpg
2
266,24,86,158,0,0,1,0,0
638,106,78,126,0,0,1,0,0
17.jpg
4
514,114,94,162,0,0,0,0,0
254,172,82,112,0,0,1,0,0
78,182,68,92,0,0,1,0,0
662,210,52,84,0,0,1,0,0
18.jpg
14
267,186,54,59,0,1,1,0,0
45,105,61,71,0,1,0,0,0
186,100,65,85,0,1,0,0,0
336,159,59,70,0,1,0,0,0
398,158,42,57,0,1,1,0,0
449,190,56,62,0,1,0,0,0
599,143,60,69,0,0,0,0,0
730,120,61,69,0,0,0,0,0
859,176,72,80,0,1,0,0,0
523,227,39,47,0,1,1,0,0
661,187,45,52,2,1,1,0,0
0,181,35,55,2,0,1,0,0
922,217,40,56,2,1,1,0,0
493,239,33,48,0,0,1,0,0
19.jpg
8
2,433,34,45,1,0,1,0,0
75,435,38,50,1,1,1,0,0
122,419,40,41,1,1,1,0,0
196,407,45,50,0,0,2,0,0
326,345,51,67,1,1,1,0,0
507,290,62,77,1,1,1,0,0
767,271,76,85,0,1,1,0,0
930,454,32,36,1,1,2,0,0
20.jpg
19
330,403,68,86,0,1,0,0,0
190,350,55,69,0,0,0,0,0
92,513,61,76,0,0,0,0,0
104,390,32,38,2,0,1,0,0
100,281,31,40,0,0,1,0,0
350,333,34,38,0,0,1,0,0
545,308,31,29,2,0,2,0,0
662,264,33,45,0,0,1,0,0
728,300,37,47,0,0,1,0,0
780,258,35,50,2,0,1,0,0
796,278,48,51,0,0,1,0,0
642,527,73,102,0,0,0,0,0
853,499,85,131,0,1,0,0,0
848,244,37,54,2,0,1,0,0
777,349,62,84,0,1,0,0,0
671,418,40,51,1,0,1,0,0
724,381,38,48,0,0,1,0,0
552,505,55,55,0,0,1,0,0
23,414,55,58,0,0,1,0,0
21.jpg
16
143,302,37,52,0,0,1,0,0
201,368,41,48,0,0,1,0,0
283,311,35,45,0,1,1,0,0
327,212,34,46,0,0,1,0,0
447,237,37,43,0,1,1,0,0
408,297,35,46,0,0,1,0,0
471,369,43,49,0,0,1,0,0
512,301,36,47,0,1,1,0,0
563,264,34,48,0,1,1,0,0
620,314,39,48,0,0,1,0,0
612,374,41,51,0,1,1,0,0
684,257,32,45,0,1,1,0,0
730,322,34,44,0,1,1,0,0
737,398,40,51,0,1,1,0,0
839,327,36,43,0,1,1,0,0
342,387,36,49,0,0,1,0,0
22.jpg
10
1,237,31,39,0,0,2,0,0
221,268,35,46,0,0,2,0,0
289,266,39,57,1,0,1,0,0
239,302,67,86,0,0,0,0,0
418,235,42,56,0,0,1,1,0
409,327,109,137,0,0,0,1,0
610,233,47,63,0,0,1,0,0
795,304,44,56,2,0,2,0,0
902,431,122,123,0,0,0,0,0
975,338,49,53,2,0,2,0,0
23.jpg
6
446,170,114,168,0,0,0,0,0
600,22,108,136,0,1,0,0,0
132,78,116,128,0,0,0,0,0
8,244,92,160,0,0,0,0,0
756,204,108,140,0,1,0,0,0
876,256,102,152,0,0,0,0,0
24.jpg
3
793,89,45,66,0,0,0,0,0
695,246,33,45,1,0,0,0,0
120,244,33,43,0,0,0,0,0
25.jpg
8
324,427,35,40,0,0,1,0,0
757,429,39,53,0,0,1,0,0
830,439,43,52,0,0,1,0,0
77,460,37,31,2,0,1,0,0
87,499,41,53,0,0,1,0,0
0,462,35,48,0,0,1,0,0
183,524,36,36,2,0,1,0,0
183,574,58,73,0,0,1,0,0
26.jpg
2
658,159,47,63,0,0,1,0,1
884,354,40,54,0,0,1,0,0
27.jpg
4
565,227,47,61,0,0,1,0,0
730,370,37,55,0,0,1,0,0
314,400,43,70,0,0,1,0,0
3,573,42,67,0,0,1,0,1
28.jpg
8
104,150,43,51,0,0,1,0,0
311,188,42,53,0,0,0,0,0
501,186,41,53,0,0,0,0,0
915,295,55,62,0,0,1,0,0
646,209,32,71,0,0,0,0,1
491,308,73,116,0,0,0,0,0
773,187,34,46,0,0,1,0,0
705,201,35,53,2,0,2,0,0
29.jpg
3
146,134,138,116,0,0,0,0,1
398,68,128,156,0,0,0,0,0
614,104,130,210,0,0,0,0,0
30.jpg
11
119,129,49,63,0,0,0,0,0
281,76,45,64,0,0,0,0,0
331,111,49,71,0,0,0,0,0
432,112,53,68,0,0,0,0,0
524,75,48,65,0,0,0,0,0
369,302,57,74,0,0,0,0,0
178,307,55,57,0,0,0,0,0
577,286,60,89,0,0,0,0,0
606,126,50,71,0,0,0,0,0
823,102,62,80,0,0,0,0,0
795,316,78,95,0,0,0,0,0
31.jpg
3
282,238,88,110,0,0,0,0,0
498,206,86,130,0,0,0,0,0
810,172,78,108,0,0,0,0,0
32.jpg
21
217,212,36,38,0,0,2,0,0
105,247,35,45,0,0,2,0,0
367,209,36,41,0,0,2,0,0
809,398,41,44,0,0,2,0,0
707,388,39,43,0,0,2,0,0
913,323,38,44,0,0,2,0,0
895,214,38,43,0,0,2,0,0
853,231,35,41,0,0,2,0,0
757,214,34,41,0,0,2,0,0
725,268,37,38,0,0,2,0,0
702,194,32,39,0,0,2,0,0
625,226,38,41,0,0,2,0,0
570,228,35,39,0,0,2,0,0
486,197,33,41,0,0,2,0,0
443,222,36,38,0,0,2,0,0
458,330,37,46,0,0,2,0,0
587,368,38,42,0,0,2,0,0
341,360,43,51,0,0,2,0,0
248,352,33,42,0,0,2,0,0
154,351,43,45,0,0,2,0,0
150,268,31,34,0,0,2,0,0
33.jpg
7
661,249,48,54,0,0,0,0,0
589,373,47,51,0,0,0,0,0
545,267,45,44,0,0,0,0,0
427,246,47,54,1,0,0,0,0
350,277,47,48,0,0,0,0,0
250,272,45,55,0,0,0,0,0
141,293,53,61,0,0,0,0,0
34.jpg
9
209,161,37,39,0,0,2,0,0
388,167,33,38,0,0,2,0,0
491,286,34,39,0,0,2,0,0
599,279,42,45,0,0,2,0,0
720,307,35,40,0,0,2,0,0
791,125,43,49,0,0,2,0,0
684,154,32,40,0,0,2,0,0
502,144,31,40,0,0,2,0,0
177,276,43,42,0,0,2,0,0
35.jpg
3
214,300,96,126,0,0,0,0,0
458,288,86,122,0,0,0,0,0
708,296,80,104,0,0,0,0,0
36.jpg
3
418,108,98,104,0,1,0,0,0
172,232,92,82,0,0,0,0,0
710,160,84,100,0,0,0,0,0
37.jpg
3
268,359,84,103,0,0,0,0,0
685,375,81,110,0,0,0,0,0
475,714,110,123,0,0,0,0,0
38.jpg
5
230,192,94,86,0,0,1,0,0
420,136,116,158,0,0,0,0,0
588,154,112,130,0,0,1,0,0
896,170,100,148,0,0,1,0,0
942,78,80,116,1,0,1,0,0
39.jpg
9
875,184,46,54,0,0,0,0,0
797,192,53,63,0,0,0,0,0
703,234,44,56,0,0,0,0,0
569,216,47,56,0,0,0,0,0
372,198,47,62,0,0,0,0,0
500,231,47,63,0,0,0,0,0
250,208,47,55,0,0,0,0,0
173,242,44,56,0,0,0,0,0
22,255,41,49,0,0,1,0,0
40.jpg
3
252,352,35,50,0,0,0,0,0
516,373,36,51,0,0,0,0,0
817,396,32,48,0,0,0,0,0
41.jpg
5
318,611,107,186,0,0,1,0,0
216,201,107,134,0,0,1,0,0
348,165,96,130,0,0,1,0,0
530,130,103,147,0,0,0,0,0
739,157,119,147,0,0,0,0,0
42.jpg
18
137,322,40,52,0,1,1,0,0
75,412,34,44,0,0,1,0,0
242,354,37,46,0,0,1,0,0
360,282,33,46,0,0,1,0,0
406,242,39,43,0,0,1,0,0
306,197,42,49,0,0,1,0,0
215,213,41,53,0,0,1,0,0
409,364,44,61,0,0,1,0,0
517,254,35,52,0,1,1,0,0
613,198,39,46,0,0,1,0,0
634,329,36,40,0,0,1,0,0
737,346,32,34,0,0,1,0,0
765,266,34,45,0,0,1,0,0
855,203,40,53,0,0,1,0,0
860,439,31,38,0,0,1,0,0
808,427,31,41,0,0,1,0,0
635,440,37,49,0,0,1,0,0
520,393,33,36,0,0,1,0,0
43.jpg
13
253,119,36,54,0,0,0,0,0
185,232,44,58,0,0,0,0,0
51,191,44,58,0,0,0,0,0
316,210,41,59,0,0,0,0,0
408,117,40,57,0,0,0,0,0
443,205,43,56,0,0,0,0,0
550,87,42,65,0,0,0,0,0
509,200,48,71,0,0,0,0,0
606,180,45,65,0,0,0,0,0
681,111,42,54,0,0,0,0,0
694,256,46,51,0,0,0,0,0
788,230,41,55,0,0,0,0,0
918,233,46,61,0,0,0,0,0
44.jpg
8
0,193,31,43,1,0,0,0,0
86,160,46,64,0,0,1,0,0
283,156,44,62,0,0,1,0,0
261,208,42,83,0,0,1,0,1
404,240,65,100,0,0,1,0,0
602,272,41,62,0,0,1,0,1
746,242,48,55,2,0,1,0,0
801,228,67,100,0,0,1,1,0
45.jpg
5
142,28,98,132,0,0,0,0,0
290,12,86,114,0,0,0,0,0
472,172,88,122,0,0,0,0,0
580,34,80,100,0,0,0,0,0
774,40,100,124,0,0,0,0,0
46.jpg
5
681,54,45,56,0,0,1,0,0
522,256,39,48,0,0,1,0,0
431,265,31,34,0,0,2,0,0
213,0,58,46,0,0,1,0,0
9,220,32,34,1,0,2,0,0
47.jpg
2
360,337,295,475,0,0,0,0,0
610,645,315,443,0,0,0,0,0
48.jpg
4
732,598,56,66,2,0,0,0,0
902,191,50,51,0,0,1,0,0
194,185,51,68,0,0,0,0,0
563,164,40,47,0,0,1,0,0
49.jpg
10
287,104,48,60,0,0,1,0,0
216,259,57,72,0,0,1,0,0
408,179,49,69,0,0,1,0,0
454,350,44,52,0,0,1,0,0
540,467,50,60,0,0,1,0,0
355,466,56,73,0,0,1,0,0
494,217,65,86,0,0,1,0,0
616,233,47,59,0,0,1,0,0
673,135,53,69,0,0,1,0,0
711,373,57,75,0,0,1,0,0
50.jpg
2
186,94,98,150,0,0,0,0,0
746,38,108,162,0,0,0,0,0
51.jpg
11
122,48,40,51,0,1,1,0,0
278,108,32,39,0,1,1,1,0
419,51,43,54,0,1,1,0,0
570,108,34,40,0,1,2,0,0
696,64,39,51,0,1,1,0,0
822,108,31,39,0,1,2,0,0
120,318,41,52,0,1,1,0,0
292,376,31,37,0,1,1,0,0
455,373,31,40,0,1,1,0,0
652,319,38,48,0,1,1,0,0
865,323,38,44,0,1,1,0,0
52.jpg
3
210,232,70,82,0,0,0,0,0
424,152,70,96,0,0,0,0,0
592,76,88,120,0,0,0,0,0
53.jpg
2
553,229,141,245,0,1,0,0,0
315,141,177,275,0,1,0,0,0
54.jpg
2
702,64,126,174,0,0,0,0,0
226,36,110,164,0,0,0,0,0
55.jpg
4
152,21,37,56,0,0,0,0,0
368,228,40,63,0,0,0,0,0
717,309,43,50,0,0,0,0,0
797,302,41,59,0,0,0,0,0
56.jpg
9
171,218,59,66,0,0,1,0,0
253,222,46,58,0,0,1,0,0
396,212,48,68,0,0,1,0,0
515,216,43,65,0,0,1,0,0
571,186,39,50,0,0,1,0,0
674,242,43,55,0,0,1,0,0
751,239,39,49,0,0,1,0,0
815,253,42,57,0,0,1,0,0
919,250,45,53,0,0,1,0,0
57.jpg
2
480,80,136,227,0,0,0,0,0
240,123,139,189,0,0,0,0,1
58.jpg
3
250,184,82,98,0,0,2,0,0
496,172,70,82,0,0,2,0,0
792,198,68,66,0,0,2,0,0
59.jpg
5
924,270,33,35,0,0,1,0,0
492,276,31,35,0,0,1,0,0
276,276,33,34,0,0,1,0,0
145,278,32,39,0,0,1,0,0
19,287,34,35,0,0,1,0,0
60.jpg
6
0,254,84,251,0,0,0,0,0
49,342,100,129,0,0,0,0,0
116,373,53,80,0,0,0,0,0
182,439,55,65,0,0,0,0,0
230,373,46,57,0,0,1,0,0
320,438,38,38,0,0,1,0,0
61.jpg
6
485,200,104,114,0,0,0,0,0
217,73,157,208,0,0,0,0,0
339,109,96,132,0,0,0,0,0
0,175,69,94,2,0,1,0,0
678,217,38,52,0,0,1,0,0
114,182,38,51,2,0,2,0,0
62.jpg
9
0,31,39,64,1,0,1,0,0
88,23,71,86,0,0,0,0,0
191,35,41,56,0,0,0,0,0
261,16,69,93,0,0,0,0,0
336,81,59,57,2,0,1,0,0
445,9,65,77,0,0,0,0,0
564,149,141,170,0,0,0,0,0
772,38,120,191,2,0,0,0,0
830,98,117,197,0,0,0,0,0
63.jpg
3
274,172,274,385,0,0,0,0,0
890,449,131,228,1,0,1,0,0
721,312,111,207,1,0,1,0,0
64.jpg
2
438,284,102,138,0,0,0,0,0
848,314,86,140,0,0,0,0,0
65.jpg
2
159,258,32,34,0,0,0,0,0
371,202,32,46,1,0,0,0,0
66.jpg
7
586,370,44,54,0,0,1,0,0
838,157,54,63,1,0,1,0,0
769,206,42,59,0,0,1,0,0
685,223,42,49,0,0,1,0,0
592,238,38,48,0,0,1,0,0
553,233,34,45,0,0,1,0,0
218,210,46,52,0,0,1,0,0
67.jpg
2
399,202,127,169,0,0,0,0,0
487,547,171,239,0,0,0,0,0
68.jpg
8
323,239,201,279,0,0,0,0,0
546,142,56,71,0,0,1,0,0
674,189,57,67,0,0,1,0,0
789,175,50,77,0,0,1,0,0
828,116,53,67,0,0,2,0,0
863,186,53,68,0,0,2,0,0
960,181,60,73,0,0,2,0,0
437,103,31,39,0,0,2,0,0
69.jpg
2
634,86,136,174,0,0,0,1,0
262,90,100,164,0,0,1,0,0
70.jpg
5
98,148,70,96,0,0,1,0,0
370,96,52,84,0,0,1,0,0
432,124,78,122,0,0,1,0,0
824,196,58,100,1,0,2,0,0
738,122,74,108,0,0,2,0,0
71.jpg
10
353,483,37,45,0,1,0,0,0
344,368,45,48,0,0,0,0,0
212,385,38,40,0,0,0,0,0
246,524,35,39,0,0,0,0,0
119,547,40,39,0,0,0,0,0
88,379,35,48,0,0,1,0,0
399,189,41,42,0,0,0,0,0
244,194,33,23,1,0,1,0,1
70,196,48,55,0,0,0,0,0
901,120,54,55,0,0,0,0,0
72.jpg
17
890,350,47,59,0,0,1,0,0
925,296,38,46,0,0,1,0,0
971,484,53,63,1,0,1,0,0
743,329,55,70,2,0,1,0,0
809,270,38,50,0,0,1,1,0
627,246,34,57,0,0,1,1,0
639,424,63,71,0,0,0,0,0
580,311,45,61,1,0,1,0,0
435,256,38,53,0,0,1,0,0
196,248,33,45,0,0,1,0,0
225,307,49,66,1,0,1,0,0
190,324,33,44,0,0,1,0,0
492,327,58,84,0,0,1,1,0
441,362,61,96,0,0,1,1,0
287,463,70,64,2,0,1,0,0
75,319,51,61,2,0,1,0,0
2,539,112,47,2,0,1,0,0
73.jpg
2
582,190,132,180,0,0,0,0,0
684,120,132,180,0,0,0,0,0
74.jpg
2
333,733,123,207,0,0,0,0,0
441,787,135,186,0,0,0,0,0
75.jpg
2
487,581,33,55,0,0,1,0,0
496,613,42,37,0,0,1,0,1
76.jpg
2
414,108,142,216,0,0,0,0,0
552,60,138,218,0,0,0,0,0
77.jpg
7
858,301,33,41,0,0,0,0,0
801,298,36,42,0,0,1,0,0
696,410,31,36,0,0,0,0,0
522,271,35,47,0,0,0,0,0
403,304,33,38,0,0,0,0,0
155,309,33,37,0,0,1,0,0
126,318,31,37,0,0,1,0,0
79.jpg
3
668,398,59,68,0,0,2,0,0
484,436,48,63,0,0,2,0,0
249,467,52,69,0,0,2,0,0
80.jpg
4
116,186,100,114,1,0,1,0,0
318,194,96,92,2,0,1,0,0
584,116,92,102,0,0,1,0,0
710,58,124,144,0,0,0,0,0
81.jpg
6
171,592,58,72,0,0,1,0,0
232,563,45,57,2,0,1,0,0
730,560,41,43,2,0,1,0,0
530,547,63,90,2,0,1,0,0
128,585,40,59,2,0,1,0,0
772,623,43,60,2,0,1,0,0
82.jpg
8
22,1,51,57,0,0,0,0,0
64,49,39,43,2,0,1,0,0
114,39,37,44,0,0,1,0,0
134,89,48,56,0,0,1,0,0
207,54,43,53,0,0,1,0,0
251,106,64,68,0,0,1,0,0
861,175,34,38,0,0,1,0,0
930,181,35,42,0,0,1,0,0
83.jpg
7
45,267,39,53,0,0,1,0,0
125,240,39,55,0,0,1,0,0
264,239,50,58,0,0,1,0,0
337,215,37,79,0,0,1,0,1
503,213,61,72,0,0,1,0,0
579,240,72,77,0,0,1,0,0
697,183,67,71,0,0,1,0,0
84.jpg
6
710,193,31,39,0,0,0,0,0
514,255,32,45,0,0,0,0,0
387,237,34,45,0,0,0,0,0
224,232,35,41,0,0,1,0,0
72,226,37,46,0,0,0,0,0
30,242,31,38,0,0,0,0,0
85.jpg
11
39,391,32,40,0,0,1,0,0
85,479,35,46,0,0,0,0,0
180,519,38,46,0,0,0,0,0
38,547,38,54,0,0,0,0,0
181,600,46,71,0,0,0,0,0
330,513,31,46,1,0,1,0,0
598,503,37,49,1,0,0,0,0
495,562,34,54,0,0,0,0,0
657,607,53,61,0,0,0,0,0
699,577,33,50,2,0,1,0,0
848,517,33,50,0,0,0,0,0
87.jpg
5
607,135,35,50,0,0,1,0,0
543,165,45,59,0,0,1,0,0
52,88,33,33,0,0,2,0,0
892,232,66,89,0,0,0,0,0
705,192,52,80,0,0,0,0,0
88.jpg
2
188,273,45,70,0,0,1,0,0
583,272,35,55,1,0,1,0,0
89.jpg
3
378,538,41,49,0,0,1,0,0
290,554,34,49,0,0,1,0,0
519,93,31,34,0,0,2,0,0
90.jpg
10
281,355,35,43,0,0,1,0,1
161,396,37,45,0,0,1,0,0
1,391,34,41,0,0,1,0,0
732,110,48,66,0,0,1,0,0
853,586,33,22,0,0,1,0,1
726,410,33,37,0,0,1,0,0
612,349,37,40,0,0,2,0,0
451,368,33,58,0,0,1,0,1
453,354,36,59,0,0,1,0,1
365,414,46,54,2,0,1,0,0
91.jpg
4
614,193,74,108,0,0,0,0,0
388,210,65,109,0,0,0,0,0
179,209,79,96,1,0,1,0,0
942,363,32,77,0,0,2,0,0
92.jpg
9
502,109,42,53,0,0,0,0,0
702,131,51,58,0,0,1,0,0
802,109,34,40,0,0,1,0,0
884,94,35,37,0,0,1,0,0
777,285,78,104,0,0,1,0,0
464,364,64,76,0,0,1,0,0
259,118,51,69,2,0,1,0,0
165,127,50,52,0,0,1,0,0
132,287,84,93,0,0,0,0,0
93.jpg
5
407,242,153,186,0,0,1,0,0
487,131,34,42,0,0,2,0,0
390,9,36,48,0,0,2,0,0
608,141,39,37,0,0,2,0,0
673,76,61,68,0,0,2,0,0
94.jpg
6
740,359,54,52,0,0,2,0,0
687,338,36,47,0,0,2,0,0
256,430,61,72,0,0,1,0,0
82,518,71,123,0,0,2,0,1
82,419,41,47,2,0,2,0,0
67,342,31,47,2,0,2,0,0
95.jpg
3
164,523,54,83,0,0,0,0,1
432,539,38,52,0,0,1,0,0
800,337,53,96,0,0,1,0,0
97.jpg
9
0,300,43,52,2,0,1,0,0
390,198,33,55,0,0,1,0,0
407,233,47,72,0,0,0,0,0
473,162,39,43,0,0,1,0,0
553,237,44,61,0,0,1,0,0
648,274,46,42,2,0,1,0,0
746,270,37,56,2,0,1,0,0
833,310,57,42,2,0,1,0,0
107,284,55,68,2,0,1,0,0
98.jpg
7
188,158,54,54,2,0,1,0,0
316,160,56,56,2,0,1,0,0
472,130,52,46,0,0,0,0,0
392,114,54,60,2,0,1,0,0
606,116,58,54,2,0,1,0,0
668,144,64,54,2,0,1,0,0
798,122,60,62,2,0,1,0,0
99.jpg
33
607,250,41,59,0,0,1,1,0
783,262,38,57,2,0,1,1,0
564,239,37,51,2,0,1,0,0
959,274,45,56,0,0,1,0,0
927,271,31,50,0,0,1,0,0
893,255,38,44,1,0,1,0,0
848,96,35,40,0,0,1,0,0
895,122,41,38,0,0,1,0,0
961,175,43,32,0,0,1,0,1
480,286,42,53,0,0,1,0,0
481,255,40,36,2,0,1,0,0
409,248,39,48,0,0,1,0,0
357,258,41,50,0,0,1,1,0
299,265,38,42,0,0,1,0,0
344,248,35,43,2,0,1,0,0
205,128,45,50,2,0,1,0,0
173,167,35,49,0,0,1,0,0
205,250,45,44,0,0,1,0,0
145,237,33,58,2,0,1,1,0
481,35,33,40,0,0,1,0,0
347,14,37,39,0,0,1,0,0
224,2,32,41,0,0,1,0,0
111,304,35,39,0,0,1,0,0
814,532,43,53,1,0,1,1,0
737,579,37,57,1,0,2,0,0
694,531,36,68,0,0,0,0,0
620,534,34,59,2,0,1,0,0
517,476,39,43,1,0,1,0,0
517,572,36,69,0,0,1,1,0
322,478,43,48,2,0,1,0,0
311,520,40,61,0,0,1,0,0
120,487,44,62,2,0,1,0,0
195,466,36,56,2,0,1,0,0
101.jpg
7
894,257,33,55,0,0,1,0,0
842,280,35,50,0,0,1,0,0
571,187,97,116,0,0,0,0,0
341,204,72,90,0,0,0,0,0
191,262,64,81,0,0,1,0,0
98,252,43,61,0,0,1,0,0
21,227,40,57,0,0,1,0,0
102.jpg
7
952,497,46,62,0,0,1,0,0
820,494,48,59,0,0,0,0,0
630,437,42,60,0,0,0,0,0
391,377,92,160,0,0,0,0,0
402,181,46,51,0,0,0,0,0
206,195,45,50,0,0,1,0,0
255,93,34,36,0,0,1,0,0
103.jpg
4
728,412,58,98,0,0,1,0,0
822,218,90,102,0,0,1,0,0
926,196,66,98,1,0,1,0,0
292,288,96,76,0,0,0,0,0
104.jpg
2
228,169,43,44,0,0,0,0,0
732,99,182,201,0,0,0,0,0
105.jpg
2
428,123,50,54,0,0,1,0,0
727,158,61,83,0,0,1,0,0
106.jpg
4
400,174,260,314,0,0,0,0,0
60,8,166,200,0,0,1,0,0
208,36,122,152,2,0,2,0,0
302,390,186,230,2,0,0,0,0
107.jpg
7
850,663,58,77,0,0,1,0,1
742,734,41,34,2,0,2,0,0
618,672,56,83,0,0,1,0,1
399,708,52,60,0,0,1,0,1
41,715,45,52,2,0,1,0,0
147,713,31,48,0,0,1,0,1
100,629,48,47,0,0,1,0,0
108.jpg
2
240,324,116,94,0,0,1,0,1
726,312,74,114,2,0,1,0,0
109.jpg
3
608,179,62,81,0,0,0,0,0
13,107,64,76,0,0,0,0,0
301,148,53,70,2,0,1,0,0
110.jpg
5
619,289,33,65,0,0,1,1,0
955,434,40,47,0,0,1,0,1
981,413,37,55,0,0,1,0,1
886,452,33,42,0,0,1,0,0
790,473,66,114,0,0,1,0,0
111.jpg
14
0,1262,57,109,2,0,2,0,0
51,1049,38,48,1,0,1,0,0
169,1087,54,75,0,0,1,0,0
307,1099,51,79,0,0,1,0,0
242,1250,78,102,0,0,1,0,0
290,1085,39,56,0,0,1,0,0
271,1061,39,52,2,0,2,0,0
457,1069,49,62,0,0,1,0,0
193,1041,33,32,2,0,2,0,0
149,1038,37,43,2,0,2,0,0
427,1044,36,34,0,0,2,0,0
523,1158,59,83,0,0,1,0,0
703,1106,36,54,1,0,1,0,0
727,1106,56,65,0,0,1,0,0
112.jpg
17
510,42,96,107,0,0,0,0,0
584,107,68,98,1,0,1,0,0
701,501,55,57,0,0,1,0,0
802,559,56,75,0,0,1,0,0
942,585,64,70,0,0,1,0,0
833,491,51,72,2,0,1,0,0
949,495,41,39,0,0,1,0,1
933,451,46,51,0,0,2,0,0
754,437,37,46,2,0,2,0,0
683,469,36,47,2,0,2,0,0
232,432,67,82,1,0,1,0,0
95,466,79,115,0,0,1,0,1
57,299,60,72,2,0,1,0,0
155,399,41,63,1,0,1,0,0
785,425,31,40,2,0,1,0,0
875,435,34,50,2,0,2,0,0
791,477,33,44,2,0,2,0,0
113.jpg
11
74,572,31,28,0,0,1,0,0
39,624,35,44,2,0,1,0,0
143,605,34,33,2,0,1,0,0
54,637,59,65,1,0,0,0,0
195,636,48,46,1,0,1,0,0
327,650,44,33,2,0,1,0,0
514,606,43,46,0,0,0,0,0
563,649,47,33,2,0,1,0,0
649,622,52,52,0,0,0,0,0
857,599,66,74,0,0,0,0,0
956,586,56,53,2,0,0,0,0
114.jpg
2
573,363,51,60,0,0,1,0,0
264,143,68,82,0,0,1,0,0
115.jpg
7
706,240,63,84,0,0,1,0,0
543,288,50,53,1,1,1,0,0
585,786,37,49,0,0,2,0,0
206,209,144,179,0,0,0,0,0
111,271,52,61,0,1,1,0,0
396,275,60,67,0,1,1,0,0
0,249,62,124,2,0,1,0,0
116.jpg
3
278,278,74,100,0,0,1,0,0
458,176,74,102,0,0,0,0,0
638,136,76,104,0,0,0,0,0
117.jpg
10
738,150,42,50,0,0,0,1,0
581,274,48,59,0,0,0,0,0
519,226,51,52,0,0,0,0,0
475,174,53,53,1,0,0,0,0
424,265,48,51,0,0,0,0,0
387,323,44,52,1,0,0,0,0
270,306,35,29,1,0,0,0,1
328,204,43,50,0,0,1,0,0
211,230,42,59,0,0,0,1,0
706,218,44,51,1,0,0,0,0
118.jpg
2
372,232,134,192,0,0,0,0,0
528,204,124,176,0,0,0,0,0
119.jpg
16
38,66,41,49,0,0,1,0,0
135,93,37,41,0,0,1,0,0
229,66,36,44,0,0,1,0,0
384,30,36,47,0,0,1,0,0
492,52,37,46,0,0,1,0,0
555,76,37,39,0,0,1,0,0
637,77,38,44,0,0,1,0,0
732,82,43,46,0,0,1,0,0
845,101,40,48,0,0,1,0,0
971,60,47,56,0,0,1,0,0
894,293,51,60,0,0,1,0,0
784,274,43,56,0,0,1,0,0
667,260,42,58,0,0,1,0,0
562,247,39,45,0,0,1,0,0
203,213,52,62,0,0,1,0,0
72,271,44,51,0,0,1,0,0
120.jpg
2
382,484,54,76,0,0,0,0,0
524,528,70,72,0,0,0,0,0
121.jpg
3
668,284,53,75,0,0,0,0,0
411,175,67,85,0,0,0,0,0
255,163,66,87,0,0,0,0,0
122.jpg
5
465,384,90,132,0,0,1,0,0
321,435,72,78,0,0,1,0,0
198,517,60,81,0,0,1,0,0
628,507,78,111,0,0,1,0,0
730,541,84,105,0,0,1,0,0
123.jpg
2
91,331,322,456,0,0,0,0,0
483,27,270,362,0,0,0,0,0
124.jpg
4
741,275,37,40,0,0,0,0,0
180,272,33,34,0,0,1,0,0
72,336,35,54,0,0,1,0,0
3,287,35,39,1,0,1,0,0
125.jpg
8
909,335,65,84,0,0,0,0,0
786,187,76,104,0,0,0,0,0
718,230,59,82,0,0,0,0,0
595,315,72,96,0,0,0,0,0
342,392,53,82,0,0,0,0,0
302,152,66,96,0,0,0,0,0
178,136,79,108,0,0,0,0,0
522,41,58,72,0,0,1,0,0
126.jpg
19
106,112,39,40,0,0,0,0,0
189,170,41,43,0,0,0,0,0
240,129,33,40,0,0,0,0,0
305,180,38,41,0,0,0,0,0
335,135,34,41,0,0,0,0,0
416,141,34,42,1,0,0,0,0
447,170,35,43,0,0,0,0,0
540,173,31,40,0,0,0,0,0
517,137,31,41,1,0,0,0,0
443,251,37,39,0,0,0,0,0
627,173,35,42,0,0,0,0,0
624,132,31,40,0,0,0,0,0
717,142,33,43,0,0,0,0,0
763,190,36,43,0,0,0,0,0
838,155,35,41,0,0,0,0,0
866,207,39,48,0,0,0,0,0
645,311,33,35,0,0,0,0,0
559,312,34,39,0,0,0,0,0
241,222,38,45,0,0,0,0,0
127.jpg
4
214,118,75,102,0,0,0,0,0
511,111,74,92,0,0,0,0,0
760,114,39,90,2,0,0,0,0
62,166,31,44,0,0,2,0,0
128.jpg
4
234,29,42,68,0,0,0,0,0
504,576,39,52,0,1,0,0,0
135,603,48,53,0,0,0,0,0
260,610,43,57,0,0,0,0,0
129.jpg
2
378,205,299,393,0,0,0,0,0
251,269,139,205,1,0,1,0,0
130.jpg
9
149,404,89,105,0,0,0,0,0
261,275,35,36,0,0,1,0,0
308,394,34,40,0,0,0,0,0
353,293,41,58,0,0,0,0,0
517,300,36,34,0,0,1,0,0
662,281,37,45,0,0,0,0,0
744,226,57,72,0,0,0,0,0
986,269,38,46,0,0,1,0,0
59,364,39,46,0,0,1,0,0
131.jpg
3
384,331,32,39,0,0,0,0,0
948,189,68,104,0,0,1,0,0
514,296,36,34,0,0,1,0,0
132.jpg
2
392,504,102,125,0,0,0,0,0
209,459,115,173,0,0,0,0,0
133.jpg
6
354,235,164,211,0,0,0,0,0
619,274,86,155,0,0,1,0,0
750,366,80,83,0,0,1,0,0
831,387,71,92,0,0,0,0,0
217,277,89,107,0,0,0,0,0
6,336,95,119,0,0,0,0,0
135.jpg
2
254,158,154,226,0,0,0,0,0
548,394,206,238,1,0,0,0,0
137.jpg
3
874,396,50,61,0,0,1,0,0
757,394,46,50,2,0,2,0,0
842,428,37,40,2,0,2,0,0
138.jpg
3
306,265,63,66,0,0,1,0,0
148,14,53,61,2,0,1,0,0
11,63,33,26,2,0,2,0,0
139.jpg
2
479,307,54,46,0,0,0,0,0
547,380,36,58,2,0,2,0,0
141.jpg
3
862,350,38,49,0,0,1,0,0
749,396,32,40,0,0,1,0,0
709,428,31,39,2,0,2,0,0
142.jpg
2
331,135,49,74,0,0,0,0,0
694,180,35,53,0,0,1,0,0
143.jpg
8
83,175,31,39,0,0,1,0,0
120,198,40,46,0,0,1,0,0
199,172,49,57,0,0,0,0,0
307,98,31,33,2,0,1,0,0
307,124,39,55,0,0,0,0,0
435,61,38,44,0,0,1,0,0
597,151,85,104,0,0,0,0,0
866,33,41,53,0,1,0,0,0
144.jpg
2
99,199,39,41,2,0,1,0,0
353,200,39,42,1,0,1,0,0
145.jpg
3
440,206,58,98,0,0,0,0,0
540,250,56,84,0,0,1,0,0
788,214,68,92,0,0,0,0,0
146.jpg
5
74,128,64,118,1,0,0,0,0
378,64,80,132,0,0,0,0,0
510,64,72,134,1,0,0,0,0
750,38,70,136,1,0,0,0,0
886,118,72,122,2,0,0,0,0
147.jpg
8
68,164,43,60,0,0,1,0,0
146,127,34,61,2,0,2,0,0
145,389,81,109,0,0,0,0,0
478,59,93,127,0,0,0,0,0
679,214,73,82,0,0,1,0,0
731,172,49,77,0,0,1,0,1
972,212,49,60,0,0,1,0,0
802,551,97,117,0,0,0,0,0
148.jpg
2
456,382,54,68,0,0,0,0,0
516,395,58,75,0,0,0,0,0
149.jpg
2
322,406,148,120,2,0,0,0,1
188,356,114,72,2,0,1,0,1
150.jpg
3
176,64,106,140,0,0,1,0,0
360,46,106,142,0,0,1,0,0
520,140,98,140,0,0,1,1,0
151.jpg
3
184,453,184,208,0,0,0,0,0
317,144,248,285,0,0,0,0,0
29,421,56,69,0,0,1,0,0
152.jpg
66
463,210,39,43,0,0,2,0,0
45,446,40,58,0,0,1,0,0
130,444,38,47,0,0,2,0,0
0,460,33,47,0,0,2,1,0
57,387,37,47,0,0,2,0,0
170,508,41,49,2,0,2,0,0
671,272,39,53,0,0,2,0,0
161,144,40,45,0,0,2,0,0
213,110,33,41,0,0,2,0,0
108,270,37,44,0,0,2,0,0
159,273,33,45,0,0,2,0,0
50,113,34,54,0,0,2,0,0
35,85,38,44,0,0,2,0,0
220,194,32,39,1,0,2,0,1
326,64,35,43,0,0,2,0,0
817,274,43,51,0,0,2,0,0
824,492,35,51,0,0,1,1,0
914,530,41,55,0,0,1,0,0
798,4,34,37,0,0,2,0,0
838,344,36,45,0,0,2,0,0
797,399,31,49,0,0,2,0,0
859,427,41,45,0,0,2,0,0
663,490,41,59,0,0,1,0,0
546,506,43,46,0,0,1,1,0
746,562,35,43,2,0,1,0,0
815,565,47,59,0,0,1,0,0
726,595,31,30,2,0,2,0,0
427,477,41,51,1,0,1,0,0
188,390,34,38,2,0,2,0,0
990,337,33,42,2,0,2,0,0
992,114,32,38,0,0,2,0,0
195,311,37,40,2,0,2,0,0
604,182,34,47,0,0,2,0,0
665,153,34,45,0,0,2,0,0
735,236,40,45,1,0,2,0,0
964,490,36,47,0,0,1,0,0
912,452,33,45,0,0,2,0,0
882,306,37,50,0,0,2,0,0
954,352,41,45,0,0,2,0,0
966,281,39,51,0,0,2,0,0
874,171,36,38,0,0,2,0,0
938,150,37,40,0,0,2,0,0
953,213,40,44,2,0,2,0,0
861,242,35,44,0,0,2,0,0
262,555,42,51,2,0,1,0,0
338,559,38,36,0,0,2,0,0
406,582,37,43,1,0,1,0,0
457,510,41,55,0,0,1,0,0
549,567,44,51,1,0,1,0,0
488,384,44,45,0,0,2,0,0
511,437,34,43,0,0,2,0,0
593,445,43,40,0,0,2,0,1
568,340,33,49,0,0,2,0,0
590,382,42,51,1,0,2,0,0
618,317,34,41,0,0,2,0,0
785,84,34,42,0,0,2,0,0
733,284,35,46,1,0,2,0,0
709,323,39,49,1,0,1,0,0
454,289,38,44,0,0,2,0,1
479,256,33,44,0,0,2,0,1
787,215,42,50,0,0,2,0,0
427,66,31,39,0,0,2,0,0
620,94,33,42,0,0,2,0,0
713,108,32,40,0,0,2,0,0
343,1,34,36,0,0,2,0,0
893,0,31,22,0,0,2,0,1
153.jpg
2
406,88,186,232,0,0,0,0,0
608,68,116,216,2,0,0,0,0
154.jpg
2
581,167,68,72,0,0,0,0,0
507,119,60,68,0,0,0,0,1
155.jpg
5
42,32,106,200,0,0,0,0,0
264,148,104,150,0,0,0,0,0
532,276,52,62,0,0,2,0,0
656,202,72,118,0,0,0,0,0
732,194,78,166,0,0,0,0,0
156.jpg
6
638,276,164,126,0,0,0,0,1
540,432,112,144,0,0,0,0,0
304,420,150,120,0,0,0,0,1
408,68,122,150,0,0,0,0,1
566,140,132,126,0,0,0,0,1
284,234,142,112,0,0,0,0,1
157.jpg
2
600,272,204,208,0,0,0,0,0
294,296,168,170,0,0,0,0,0
158.jpg
3
589,270,79,94,0,0,0,0,0
468,54,80,103,0,0,0,0,0
336,265,79,95,0,0,0,0,0
159.jpg
3
196,116,136,164,0,0,0,0,0
598,156,110,130,0,0,0,0,0
754,302,152,166,0,0,0,0,0
160.jpg
2
456,42,47,62,0,0,0,0,0
211,66,49,55,0,0,0,0,0
161.jpg
2
622,213,33,34,2,0,1,0,0
879,203,31,35,2,0,1,0,0
162.jpg
2
522,124,156,202,0,0,0,0,0
314,92,148,210,0,0,0,0,0
163.jpg
3
620,120,124,168,0,0,0,0,0
320,240,112,128,0,0,0,0,0
184,82,120,118,0,0,1,0,0
164.jpg
4
174,97,45,58,0,0,1,0,0
400,99,39,52,0,0,1,0,0
103,419,37,53,0,0,1,0,0
462,384,45,55,0,0,1,1,0
165.jpg
2
695,340,106,146,0,0,0,0,0
100,134,195,286,0,0,0,0,0
166.jpg
5
670,466,116,136,2,0,0,0,1
690,200,166,100,2,0,0,0,1
436,34,122,120,2,0,0,0,1
268,256,150,88,2,0,0,0,1
322,434,146,142,2,0,0,0,1
167.jpg
6
766,214,44,56,2,0,1,0,0
847,226,53,64,2,0,2,0,0
477,219,47,63,2,0,2,0,0
336,252,64,66,2,0,2,0,0
202,224,70,98,2,0,1,0,1
643,335,67,95,2,0,2,0,0
168.jpg
3
152,40,110,188,0,0,0,0,0
632,68,134,150,0,0,0,0,0
854,164,90,178,0,0,0,0,1
169.jpg
2
384,224,32,37,2,0,0,0,0
228,325,34,22,2,0,1,0,1
170.jpg
3
448,132,88,138,0,0,1,0,1
662,140,86,100,0,0,1,0,0
946,246,74,86,0,0,1,0,0
171.jpg
2
400,42,128,196,0,0,0,0,0
576,80,124,176,0,0,0,0,0
172.jpg
2
158,60,124,164,0,0,0,0,0
678,50,120,162,0,0,0,0,0
173.jpg
2
272,236,122,176,0,0,0,0,0
658,102,130,172,0,0,0,0,0
174.jpg
2
571,344,96,144,0,0,0,0,0
304,229,99,125,1,0,1,0,0
175.jpg
2
871,79,47,62,0,0,1,0,0
299,176,141,175,0,0,0,0,0
176.jpg
2
206,188,64,88,0,0,1,0,0
718,404,82,112,0,0,1,0,0
177.jpg
4
281,309,91,130,0,0,1,0,0
443,128,77,111,0,0,1,0,0
712,329,82,105,0,0,1,0,0
528,723,96,128,0,0,1,0,0
178.jpg
2
419,332,116,148,0,0,1,0,0
332,132,106,142,0,0,1,0,0
179.jpg
25
1,163,37,53,0,0,1,0,0
49,130,38,43,2,0,1,0,0
184,175,41,47,0,0,1,0,0
127,200,35,36,2,0,2,0,0
69,229,49,33,2,0,2,0,0
93,270,49,50,0,0,1,0,0
239,217,43,62,0,0,1,0,0
287,203,35,45,1,0,1,0,1
252,155,37,42,2,0,1,0,0
391,135,35,40,1,0,1,0,0
428,137,32,35,2,0,1,0,0
509,171,45,49,0,0,1,0,0
485,244,46,65,0,0,1,0,0
379,216,44,41,2,0,2,0,0
362,257,45,66,0,0,1,1,0
609,127,44,50,0,0,1,0,0
663,195,48,43,0,0,1,0,1
792,87,44,58,0,0,1,0,0
886,139,39,38,2,0,1,0,0
748,216,40,43,2,0,1,0,0
810,208,47,40,2,0,1,0,0
876,193,43,60,0,0,1,0,0
769,270,47,59,0,0,1,0,0
650,333,46,24,2,0,2,0,1
989,212,32,45,2,0,1,0,0
180.jpg
6
180,33,119,190,0,0,0,0,0
410,15,111,152,0,0,0,0,0
589,35,137,167,0,0,0,0,0
880,25,114,167,0,0,0,0,0
622,273,119,167,0,0,0,0,0
314,271,126,167,0,0,0,0,0
181.jpg
4
332,74,176,240,0,0,0,0,0
736,62,198,320,0,0,0,0,0
118,42,162,206,1,0,1,0,0
700,48,120,188,1,0,1,0,0
182.jpg
6
429,478,64,78,0,1,1,0,0
637,497,64,75,0,1,1,1,0
176,307,62,74,0,1,1,0,1
177,1031,74,71,2,1,2,0,0
187,569,88,76,2,1,1,0,1
576,761,65,70,0,1,1,0,1
183.jpg
3
679,108,40,60,0,0,0,0,1
513,138,49,44,0,0,0,0,0
427,123,36,48,0,0,0,0,1
184.jpg
11
44,95,62,86,0,0,0,0,0
247,97,60,70,0,0,0,0,1
260,186,60,79,0,0,0,0,0
447,157,58,74,0,0,0,0,0
629,153,56,82,0,0,0,0,0
701,168,49,78,2,0,0,0,0
720,206,66,95,0,0,0,0,0
821,272,67,77,0,0,0,0,0
800,15,54,72,0,0,0,0,0
25,37,49,59,2,0,0,0,0
2,0,53,31,2,0,1,0,0
185.jpg
2
488,368,56,66,0,0,1,0,1
796,376,54,70,0,0,1,0,0
186.jpg
5
653,234,38,92,2,0,0,0,0
693,251,53,79,0,0,0,1,0
847,19,89,111,0,1,0,0,0
769,18,81,109,0,1,0,0,0
56,37,71,83,0,0,1,0,0
187.jpg
5
262,122,51,70,0,0,1,0,1
321,116,58,54,0,1,1,0,1
449,118,55,60,0,0,1,0,1
530,147,65,48,0,0,1,0,1
551,117,52,61,0,0,1,0,1
188.jpg
2
372,387,222,327,0,0,0,0,0
715,892,258,399,1,0,0,0,0
189.jpg
4
419,225,167,219,0,0,0,0,0
709,290,151,204,0,0,0,0,0
89,207,133,225,0,0,0,0,0
86,15,126,123,0,0,2,0,0
190.jpg
14
872,33,55,73,0,1,0,0,0
734,48,57,70,0,1,0,0,0
599,28,59,68,0,1,0,0,0
460,76,56,69,0,1,0,0,0
369,54,58,74,0,1,0,0,0
268,49,56,68,0,1,0,0,0
99,38,53,71,0,1,0,0,0
90,276,59,69,0,1,0,0,0
209,314,46,69,0,1,0,0,0
380,301,53,63,0,1,0,0,0
536,299,58,69,0,1,0,0,0
653,276,54,64,0,1,0,0,0
813,283,51,66,0,1,0,0,0
921,278,61,76,0,1,0,0,0
191.jpg
2
198,462,120,174,0,0,0,0,0
955,565,60,84,0,0,2,0,0
192.jpg
4
396,70,82,110,0,0,0,0,0
214,6,84,58,0,0,1,0,1
136,30,68,116,0,0,0,0,0
766,42,180,258,0,0,0,0,0
193.jpg
2
498,269,31,36,1,0,1,0,0
196,245,35,52,2,0,2,0,0
195.jpg
2
566,144,76,78,1,0,1,0,0
191,56,48,73,1,0,1,0,1
196.jpg
4
313,114,40,56,0,0,1,0,0
440,190,41,61,0,0,0,0,0
773,140,48,60,0,0,0,0,0
807,114,38,48,2,0,1,0,0
197.jpg
3
370,22,64,78,1,0,1,0,0
518,52,60,74,1,0,1,0,0
714,72,78,82,1,0,0,0,0
198.jpg
3
127,103,33,43,1,0,1,0,0
477,239,35,41,1,0,1,0,0
808,124,34,40,1,0,1,0,0
199.jpg
2
448,29,45,61,0,0,0,0,0
121,104,44,58,0,1,0,0,0
200.jpg
11
267,96,44,51,0,1,0,0,0
183,70,45,61,0,0,0,0,0
795,98,40,53,0,0,0,0,0
796,252,44,55,0,0,0,0,0
561,102,43,51,0,0,0,0,0
666,85,40,55,0,0,0,0,0
668,254,44,57,0,0,0,0,0
525,270,44,56,0,0,0,0,0
404,77,45,60,0,0,0,0,0
414,260,44,60,0,0,0,0,0
285,287,45,58,0,0,0,0,0
201.jpg
6
98,152,40,57,0,0,0,1,0
205,167,31,39,0,0,0,0,0
495,88,46,60,0,0,0,0,0
401,120,44,44,0,0,1,0,0
684,146,36,45,0,0,0,0,0
912,80,37,41,0,0,0,0,0
202.jpg
6
10,304,74,90,0,0,1,0,0
242,322,74,94,1,0,1,0,0
488,334,84,114,0,0,0,0,0
822,360,72,116,0,0,1,0,0
662,334,68,98,2,0,1,0,0
460,290,66,86,2,0,1,0,0
203.jpg
2
374,174,60,54,1,0,1,0,1
516,168,66,64,0,0,1,0,1
204.jpg
14
124,235,57,83,1,0,1,0,0
227,106,52,67,0,0,1,0,0
378,277,58,76,0,0,1,0,0
273,238,57,74,0,0,1,0,0
494,96,45,57,0,0,1,0,0
365,72,47,66,0,0,1,0,0
530,273,53,78,0,0,1,0,0
644,141,47,62,0,0,1,0,0
724,203,51,70,0,0,1,0,0
774,128,45,57,0,0,1,0,0
634,246,52,73,0,0,1,0,0
843,199,56,72,0,0,1,0,0
826,95,42,54,0,0,1,0,0
866,120,46,62,1,0,1,0,0
205.jpg
7
797,154,54,69,0,0,0,0,0
182,156,49,68,0,0,0,0,0
337,150,58,80,0,0,0,0,0
429,151,51,67,0,0,0,0,0
467,221,57,75,0,0,0,0,0
590,154,51,78,0,0,0,0,0
647,179,61,77,0,0,0,0,0
206.jpg
9
46,114,37,51,0,0,1,0,0
185,127,39,52,0,0,1,0,0
282,79,37,51,0,0,1,0,0
393,63,33,51,0,0,1,0,0
510,55,34,52,0,0,1,0,0
614,60,38,49,0,0,1,0,0
722,79,36,50,0,0,1,0,0
807,99,38,51,0,0,1,0,0
913,112,33,52,0,0,1,0,0
207.jpg
2
445,134,32,46,2,0,1,0,0
460,224,45,33,0,0,1,0,1
208.jpg
3
278,130,80,104,0,0,0,0,0
452,226,68,92,0,0,0,0,0
654,74,70,78,0,0,0,0,0
209.jpg
2
228,485,75,102,0,0,1,0,0
731,554,72,120,0,0,1,0,0
210.jpg
4
456,284,88,116,0,0,0,0,0
703,49,45,73,0,0,2,0,0
894,42,43,61,0,0,2,0,0
435,36,44,42,2,0,1,0,0
211.jpg
2
476,204,58,90,0,0,1,0,0
626,38,68,90,0,0,1,0,0
212.jpg
3
766,304,78,76,0,0,0,0,0
704,192,56,66,0,0,1,0,0
472,282,58,70,2,0,1,0,0
213.jpg
2
547,102,44,76,0,0,1,0,1
601,111,48,62,0,1,2,0,0
214.jpg
15
83,58,53,65,1,0,2,0,0
213,160,38,41,0,0,2,0,0
342,45,33,39,0,0,2,0,0
486,59,33,40,0,0,2,0,0
746,517,92,46,2,0,2,0,1
552,35,34,41,0,0,2,0,0
596,0,34,39,0,0,2,0,0
622,136,46,59,0,0,1,0,0
731,56,34,42,0,0,2,0,0
964,84,38,41,0,1,2,0,0
150,63,32,39,0,0,2,0,0
301,40,34,40,0,0,2,0,0
328,246,36,40,2,0,2,0,0
446,55,35,34,0,0,2,0,0
709,41,32,44,1,0,2,0,0
215.jpg
2
559,137,32,53,0,0,1,0,0
592,199,37,69,0,1,1,0,0
216.jpg
2
422,22,70,122,0,0,1,0,0
590,16,72,98,2,0,1,0,0
217.jpg
2
306,150,256,296,0,0,0,0,0
860,40,150,270,0,0,0,0,0
218.jpg
4
244,104,62,87,0,0,0,0,0
317,425,64,76,0,0,0,0,0
490,313,68,93,0,0,0,0,0
641,90,61,67,0,0,0,0,0
219.jpg
9
85,282,46,55,0,0,0,0,0
208,274,40,53,0,0,0,0,0
265,344,38,44,0,0,0,0,0
337,319,42,48,0,0,0,0,0
415,277,48,53,0,0,0,0,0
528,297,45,47,0,0,0,0,0
625,292,50,56,0,0,0,0,0
785,299,47,58,0,0,0,0,0
866,252,56,60,0,0,0,0,0
220.jpg
4
360,153,38,48,0,0,0,0,0
474,156,34,45,0,0,0,0,0
557,133,39,45,0,0,0,0,0
654,125,38,51,0,0,0,0,0
221.jpg
6
122,156,66,80,0,0,0,0,0
256,170,66,80,0,0,0,0,0
394,168,58,88,0,0,0,0,0
484,172,62,80,0,0,0,0,0
564,154,82,78,0,0,0,0,0
744,128,78,92,0,0,0,0,0
222.jpg
9
363,219,81,87,2,0,0,0,0
390,276,60,90,2,0,0,0,0
411,333,63,90,0,0,0,0,0
598,402,81,120,0,0,0,0,0
760,462,90,123,0,0,0,0,0
474,396,78,105,0,0,0,0,0
321,207,63,102,0,0,0,0,0
168,174,57,87,0,0,1,0,0
246,195,60,87,0,0,1,0,0
223.jpg
3
352,380,118,52,1,0,2,0,1
520,342,116,62,0,0,0,0,1
640,410,100,56,2,0,1,0,0
224.jpg
2
422,416,180,224,0,0,1,1,0
416,156,114,156,0,0,2,0,0
225.jpg
4
30,132,67,89,0,0,1,0,0
400,183,42,58,0,0,1,0,0
801,126,42,53,0,0,1,0,0
958,194,43,51,0,0,1,0,0
226.jpg
2
295,148,47,51,0,0,1,0,0
777,125,40,50,0,0,1,0,0
227.jpg
3
491,211,34,45,0,0,2,0,0
833,194,32,42,0,0,2,0,0
176,250,33,46,0,0,2,0,0
228.jpg
4
82,108,76,72,0,0,1,0,0
354,208,54,60,0,0,1,0,1
518,190,60,66,0,0,0,0,1
706,54,96,108,0,0,0,0,1
229.jpg
3
558,124,164,208,0,0,0,0,0
344,206,114,156,0,0,0,0,0
206,240,106,126,0,0,1,0,0
230.jpg
4
792,1027,35,49,0,0,1,0,1
777,648,53,67,0,0,1,0,0
657,639,62,75,0,0,1,0,0
271,599,60,81,0,0,1,0,0
231.jpg
4
781,199,48,63,0,0,1,0,0
676,199,37,38,0,0,1,0,0
256,139,66,98,0,0,1,0,0
435,234,36,49,0,0,1,0,0
232.jpg
5
715,285,50,65,0,0,1,0,0
826,247,48,62,0,0,1,0,0
552,257,49,72,0,0,1,0,0
353,264,47,64,0,0,1,0,0
322,93,38,57,0,0,1,0,0
233.jpg
3
304,326,58,62,0,0,1,0,0
244,192,58,104,0,0,1,0,0
770,224,64,102,0,0,0,0,0
234.jpg
6
496,75,87,100,0,0,0,0,0
412,100,72,95,0,0,0,0,0
431,351,66,74,0,0,0,0,0
983,157,37,45,0,0,1,0,0
627,180,52,63,0,0,0,0,0
77,32,36,88,2,0,0,0,0
235.jpg
9
103,315,77,82,0,0,1,0,0
124,166,52,76,0,0,1,0,0
169,206,34,48,0,0,1,0,0
377,157,32,38,0,0,1,0,0
466,162,37,41,0,0,1,0,0
429,40,31,38,0,0,1,0,0
623,190,54,68,0,0,1,0,0
706,199,67,86,0,0,1,0,0
720,295,115,157,0,0,0,0,0
236.jpg
2
346,59,49,66,0,0,0,0,0
453,114,46,59,0,0,0,0,0
237.jpg
20
87,148,48,57,0,0,1,0,0
167,236,49,61,0,0,1,0,0
300,251,45,59,0,0,1,0,0
207,140,43,53,0,0,1,0,0
221,46,40,51,0,0,1,0,0
337,42,36,49,0,0,1,0,0
420,74,36,45,0,0,1,0,0
337,121,40,54,0,0,1,0,0
436,246,43,61,0,0,1,0,0
495,181,36,48,0,0,1,0,0
521,71,32,45,0,0,1,0,0
611,65,35,48,0,0,1,0,0
631,144,39,54,0,0,1,0,0
558,242,43,54,0,0,1,0,0
678,232,43,59,0,0,1,0,0
694,68,34,47,0,0,1,0,0
791,55,37,48,0,0,1,0,0
779,135,40,52,0,0,1,0,0
902,131,43,56,0,0,1,0,0
809,226,47,58,0,0,1,0,0
238.jpg
7
846,351,36,55,0,0,0,0,1
729,308,37,50,0,0,1,0,0
880,116,34,44,1,0,1,0,0
908,62,35,40,2,0,1,0,0
916,1,33,39,0,0,1,0,0
713,122,31,35,0,0,1,0,0
94,309,31,54,1,0,1,0,1
239.jpg
6
759,106,70,101,0,0,0,1,0
648,65,36,40,0,0,2,0,0
535,48,40,51,0,0,2,0,0
960,110,37,54,0,0,2,0,0
81,91,36,40,0,0,1,0,0
221,117,39,43,1,0,2,0,0
240.jpg
2
622,153,136,184,0,0,0,0,0
148,52,45,60,0,0,1,0,0
241.jpg
2
379,90,43,52,0,0,1,0,0
855,155,50,66,2,0,1,0,0
242.jpg
5
94,266,118,154,0,0,0,0,0
98,168,92,136,2,0,0,0,0
236,208,126,144,0,0,0,0,0
382,318,110,154,0,0,0,0,0
854,310,122,162,0,0,0,0,0
243.jpg
6
689,204,111,142,0,0,0,0,0
564,612,51,84,0,1,1,0,1
15,681,37,50,1,0,2,0,0
604,274,80,108,0,0,1,1,0
464,297,87,109,0,0,1,1,0
237,184,91,127,0,0,1,0,0
244.jpg
13
714,255,49,60,0,0,1,0,0
556,289,36,58,0,0,1,0,0
483,246,49,61,0,0,1,0,0
410,301,50,69,0,0,1,0,0
98,265,38,51,0,0,1,0,0
55,284,46,62,0,0,1,0,0
770,379,61,72,0,0,1,0,0
928,261,47,48,1,0,1,0,0
904,271,41,50,1,0,1,0,0
779,264,53,56,2,0,1,0,0
38,285,53,72,0,0,1,0,0
647,280,45,58,2,0,1,0,0
566,319,45,56,2,0,1,0,0
245.jpg
20
435,338,60,74,0,0,0,0,0
666,213,46,68,1,0,1,0,0
705,296,38,59,0,0,1,0,0
800,404,57,73,0,0,1,0,0
830,335,40,62,1,0,1,0,0
851,289,45,60,0,0,1,0,0
345,343,46,61,0,0,1,0,0
331,228,51,60,0,0,1,0,0
219,340,47,64,0,0,1,0,0
172,286,43,58,0,0,1,0,1
223,226,39,55,1,0,1,0,0
85,394,59,70,0,0,0,0,0
118,354,40,63,2,0,1,0,0
567,178,44,51,0,0,1,0,0
690,374,51,78,2,0,0,0,0
770,679,69,79,0,0,0,0,0
327,653,70,82,0,0,0,0,0
348,609,55,76,2,0,0,0,0
499,282,47,69,1,0,1,0,0
227,267,37,66,2,0,1,0,0
246.jpg
3
352,116,56,72,2,0,1,0,0
332,206,62,82,0,0,1,0,0
654,256,138,204,0,0,1,0,0
247.jpg
2
276,84,88,146,0,0,0,0,0
720,94,96,158,0,0,0,0,0
248.jpg
2
679,152,70,77,0,0,0,0,0
331,39,60,68,0,0,1,0,0
249.jpg
4
64,110,72,106,0,0,1,0,0
234,116,52,88,0,0,1,0,0
408,158,58,96,0,0,1,0,0
678,320,130,120,0,0,1,0,0
250.jpg
10
20,456,65,112,0,0,0,0,0
120,463,59,69,0,0,0,0,0
243,375,58,70,0,0,0,0,0
185,114,34,56,1,0,1,0,0
364,354,34,54,0,0,0,0,0
466,354,32,39,0,0,0,0,0
652,171,43,49,0,0,1,0,0
593,308,41,43,0,0,0,0,0
810,179,38,42,0,0,1,0,0
888,296,31,38,0,0,1,0,0
251.jpg
8
214,355,67,71,0,0,0,0,0
313,330,35,62,0,0,1,0,0
288,251,44,50,0,0,1,0,0
143,262,43,44,0,0,1,0,0
212,221,32,37,0,0,1,1,0
539,283,42,48,0,0,1,0,1
873,286,38,38,2,0,1,0,0
542,207,33,31,2,0,1,0,0
252.jpg
2
493,460,38,48,0,0,0,0,0
643,448,32,40,1,0,1,0,0
253.jpg
4
196,123,120,157,0,0,0,0,0
157,811,162,235,0,0,0,0,0
711,817,106,137,0,0,0,0,0
750,1049,90,81,0,0,0,0,0
254.jpg
3
61,305,112,142,0,0,0,0,0
356,314,43,53,0,0,1,0,0
825,328,112,146,0,0,0,0,0
255.jpg
6
114,158,96,168,0,0,0,0,0
200,324,102,134,0,0,0,0,0
416,272,114,140,0,0,0,0,0
596,220,96,158,0,0,1,0,0
696,198,102,176,0,0,1,0,0
938,438,66,152,0,0,1,0,0
256.jpg
2
323,83,147,194,0,0,1,0,0
566,266,134,191,0,0,1,0,0
257.jpg
3
196,64,148,209,0,0,0,0,0
703,48,119,177,0,0,0,0,0
831,3,96,109,1,0,0,0,0
258.jpg
3
22,376,147,173,0,0,0,0,0
392,214,267,353,0,0,0,0,0
743,412,61,75,1,0,2,0,0
259.jpg
2
567,32,56,76,0,0,0,0,0
270,13,85,67,0,0,1,0,1
260.jpg
2
228,160,88,126,0,0,0,0,0
660,68,112,148,0,0,0,0,0
261.jpg
2
160,142,123,173,0,0,0,1,0
654,93,108,148,0,0,0,0,0
262.jpg
4
447,92,105,127,0,0,1,0,0
130,361,42,56,1,0,2,0,0
186,299,38,52,2,0,2,0,0
266,325,31,37,1,0,2,0,0
263.jpg
2
593,129,173,227,0,0,0,0,0
170,164,72,98,0,0,1,0,1
264.jpg
3
635,144,48,59,0,0,1,0,0
940,380,70,65,1,0,1,0,1
1,343,32,51,2,0,1,0,0
265.jpg
4
170,166,86,130,0,0,0,0,0
472,166,56,78,0,0,0,0,0
688,98,90,136,0,0,0,0,0
234,114,62,94,0,0,0,0,0
266.jpg
3
844,203,32,45,0,0,1,0,0
830,385,35,51,0,0,1,0,0
703,299,32,49,0,0,1,0,0
267.jpg
4
210,282,108,158,0,0,0,0,0
300,96,106,144,0,0,0,0,0
368,288,108,156,1,0,0,0,0
504,198,156,168,1,0,0,0,1
268.jpg
2
136,34,84,114,0,0,0,0,0
340,38,68,104,0,0,0,0,0
269.jpg
2
621,281,41,50,2,0,2,0,0
833,383,39,50,2,0,2,0,0
270.jpg
4
224,318,56,88,0,0,1,0,0
714,316,58,98,0,0,1,0,0
758,106,56,82,0,0,1,0,0
444,108,54,80,0,0,1,0,0
271.jpg
4
712,46,88,128,1,0,0,0,0
502,102,92,132,0,0,1,0,0
206,172,102,128,0,0,1,0,0
398,2,80,72,1,0,1,0,0
272.jpg
5
621,94,62,76,2,0,0,0,0
485,88,57,68,0,0,1,0,0
285,299,53,78,1,0,0,0,0
647,322,65,79,2,0,0,0,0
879,88,54,82,0,0,0,0,0
273.jpg
8
509,213,41,57,0,0,1,0,0
677,43,47,66,0,0,1,0,0
845,40,51,63,0,0,1,0,0
325,80,52,63,0,0,1,0,0
217,67,40,49,0,0,1,0,0
173,46,39,53,0,0,1,0,0
124,32,31,39,0,0,1,0,0
51,32,35,46,0,0,1,0,0
274.jpg
5
448,285,50,58,0,0,1,0,0
666,280,33,34,0,0,2,0,0
810,254,58,66,0,0,1,0,0
932,273,40,49,0,0,1,0,0
670,489,40,34,0,0,2,0,1
275.jpg
11
619,542,44,60,0,0,1,0,0
519,514,42,46,0,0,1,0,0
570,459,34,46,0,0,1,0,0
778,517,41,46,0,0,1,0,0
885,514,42,45,0,0,2,0,0
869,418,41,47,0,0,2,0,0
752,454,40,37,0,0,2,0,0
672,396,31,35,0,0,1,0,0
368,393,36,47,0,0,1,0,0
84,314,75,73,0,0,1,0,0
89,214,40,65,0,0,2,0,0
276.jpg
4
310,214,52,92,0,1,1,0,0
462,188,62,90,2,0,1,0,0
412,24,66,88,0,0,1,1,0
830,168,60,80,0,1,1,0,0
277.jpg
2
446,218,106,152,0,1,0,0,0
646,390,92,128,0,1,0,0,0
278.jpg
3
160,94,96,106,0,0,0,0,0
370,186,76,106,0,0,0,0,0
528,198,96,134,0,0,0,0,0
279.jpg
4
212,226,58,80,0,0,0,0,0
384,270,54,70,0,0,0,0,0
542,246,60,74,0,0,0,0,0
718,262,72,82,0,0,0,0,0
280.jpg
6
413,293,38,53,0,0,1,0,0
264,288,45,58,0,0,1,0,0
152,293,46,63,0,0,1,0,0
66,193,67,95,0,0,1,0,0
806,267,66,83,0,0,1,0,0
588,265,52,63,0,0,1,0,0
281.jpg
11
990,94,34,73,0,0,0,0,0
811,137,48,66,0,0,0,0,0
805,92,51,59,2,0,0,0,0
631,83,54,68,2,0,0,0,0
712,73,34,60,2,0,0,0,1
476,115,38,63,1,0,0,0,0
385,92,49,60,0,0,0,0,0
324,98,58,60,0,0,0,0,0
331,194,36,81,0,0,0,0,1
2,134,34,76,0,0,0,0,0
637,157,39,66,0,0,0,0,0
282.jpg
4
289,401,283,283,0,1,0,0,1
214,729,298,232,0,1,0,0,1
545,536,379,313,0,0,0,0,1
491,934,238,340,0,0,0,0,0
283.jpg
4
118,76,72,96,0,0,0,0,0
340,86,70,100,0,0,0,0,0
554,64,66,96,0,0,0,0,0
770,4,78,98,0,0,0,0,0
284.jpg
2
742,89,35,47,0,0,1,0,0
246,75,31,65,0,0,1,0,0
285.jpg
4
414,6,108,106,0,0,0,0,0
566,62,78,106,0,0,1,0,0
832,6,100,110,0,0,0,0,0
264,2,70,98,2,0,1,0,0
287.jpg
3
108,40,102,166,0,1,0,0,0
462,126,100,162,0,1,0,0,0
562,50,106,156,0,0,0,0,0
288.jpg
2
415,300,45,53,0,0,1,0,0
538,224,41,52,0,0,1,0,0
289.jpg
2
584,254,86,114,0,0,0,0,0
418,398,58,76,0,0,1,0,0
290.jpg
4
852,221,59,72,0,0,1,0,0
724,120,61,70,0,0,1,0,0
411,109,38,40,0,0,1,0,0
462,64,36,40,0,0,1,0,0
291.jpg
16
447,394,93,60,2,0,1,0,1
472,94,70,83,0,0,1,0,0
317,179,74,86,2,0,1,0,0
773,149,38,36,0,0,1,0,0
905,129,38,42,0,0,1,0,0
611,145,35,42,0,0,1,0,0
655,57,32,43,0,0,1,0,0
236,101,43,54,0,0,1,0,0
250,43,34,45,0,0,1,0,0
809,5,36,31,0,0,1,0,0
598,1,31,35,0,0,2,0,0
112,134,38,40,0,0,1,0,0
345,0,36,25,1,0,1,0,0
226,1,33,31,0,0,1,0,0
2,1,35,32,0,0,2,0,0
482,4,32,30,1,0,2,0,0
292.jpg
10
918,315,34,42,0,1,1,0,0
524,344,31,32,0,1,0,0,0
447,352,35,44,0,0,0,0,0
424,296,31,41,0,1,0,0,0
376,338,33,48,0,1,0,0,0
330,337,31,36,0,0,0,0,0
284,369,33,36,0,1,0,0,0
281,309,33,38,1,0,0,0,0
246,368,31,31,0,0,0,0,0
130,329,37,44,0,0,0,0,0
293.jpg
3
610,157,48,60,1,0,1,0,0
379,168,49,64,0,0,1,0,0
819,120,34,42,1,0,2,0,0
294.jpg
5
664,84,56,94,0,0,1,0,0
858,80,72,92,0,0,1,0,0
302,212,60,82,1,0,1,0,0
104,170,80,84,2,0,1,0,0
326,112,58,82,2,0,1,0,0
295.jpg
2
284,86,68,88,0,0,1,0,0
598,48,62,88,0,0,1,0,0
296.jpg
2
180,80,60,74,2,0,1,0,0
594,130,68,74,2,0,1,0,0
297.jpg
4
374,119,243,352,0,0,0,0,0
334,954,61,79,1,0,2,0,0
647,969,64,79,0,0,2,0,0
553,939,61,100,0,0,2,0,0
298.jpg
2
297,248,40,70,0,0,1,0,0
743,285,45,74,0,1,1,0,0
299.jpg
3
171,138,38,39,0,0,1,0,0
470,125,31,42,0,0,1,0,0
556,84,38,54,0,1,1,0,0
300.jpg
4
55,150,69,78,0,0,1,0,0
234,145,104,159,0,0,0,0,0
515,240,107,139,0,0,0,0,0
833,87,78,107,0,0,1,0,0
301.jpg
8
142,160,60,89,0,0,1,0,0
360,172,61,90,0,0,1,0,0
177,65,64,84,0,0,1,0,0
365,72,52,79,0,0,1,0,0
534,40,55,73,0,0,1,0,0
747,18,53,72,0,0,1,0,0
550,172,63,91,0,0,1,0,0
798,163,66,89,0,0,1,0,0
302.jpg
8
860,72,48,53,0,0,0,0,0
794,78,34,42,2,0,1,0,0
452,88,41,43,0,0,0,0,0
635,100,32,41,0,0,0,0,0
113,105,38,46,0,0,0,0,0
172,70,37,50,0,0,0,0,0
215,58,31,42,0,0,0,0,0
287,107,34,38,0,0,0,0,0
303.jpg
3
826,138,146,159,0,0,0,0,0
657,148,83,102,0,0,1,0,0
136,200,79,91,0,0,1,0,0
304.jpg
2
304,80,132,274,0,0,0,0,1
466,60,166,236,0,0,0,0,0
305.jpg
2
286,106,84,166,0,0,1,0,0
582,114,94,154,0,0,1,0,0
306.jpg
2
317,256,40,59,0,0,1,1,0
709,284,49,48,0,0,1,1,1
307.jpg
8
7,145,81,95,0,0,0,0,0
91,223,38,49,0,0,1,0,0
156,245,31,35,0,0,1,0,0
222,258,33,39,0,0,1,0,0
408,201,71,92,0,0,1,0,0
605,157,66,90,0,0,0,0,0
738,109,67,105,0,0,1,0,0
497,217,32,37,0,0,1,0,0
308.jpg
2
706,118,96,128,0,0,1,0,0
704,378,104,60,0,0,0,0,1
309.jpg
13
43,379,36,41,0,0,1,0,1
153,382,34,53,0,0,1,0,0
268,340,31,40,0,0,1,0,0
339,419,40,56,0,0,1,0,0
428,360,31,43,0,0,1,0,0
494,393,32,41,2,0,1,0,0
480,433,67,84,0,0,0,0,0
616,369,40,51,0,0,1,0,0
924,374,61,77,0,0,1,0,0
840,373,41,49,0,0,1,0,0
733,359,31,41,0,0,1,0,0
746,382,48,57,2,0,1,0,0
727,448,87,112,0,0,0,0,0
310.jpg
3
81,967,126,240,0,0,0,0,0
399,871,135,198,1,0,0,0,0
787,859,135,183,0,0,0,0,0
311.jpg
2
470,336,75,123,0,0,0,0,0
815,118,66,98,0,0,1,0,0
312.jpg
12
32,161,37,52,0,0,1,1,0
0,299,49,65,0,0,1,0,0
133,300,44,51,0,0,1,1,0
245,345,41,51,2,0,2,0,0
330,310,41,54,0,0,1,0,0
390,221,38,45,2,0,2,0,0
432,336,44,60,0,0,1,0,0
556,346,43,51,0,0,1,0,1
663,313,42,45,0,0,1,1,0
735,144,43,50,1,0,1,0,1
794,284,53,55,0,0,1,0,0
747,337,39,56,0,0,1,0,0
313.jpg
5
216,90,90,134,0,0,0,0,0
322,176,86,120,0,0,0,0,0
454,134,70,112,0,0,0,0,0
534,190,70,104,0,0,0,0,0
626,148,68,120,0,0,0,0,0
314.jpg
2
242,38,192,290,0,0,0,0,0
724,160,168,234,0,0,1,0,0
315.jpg
24
812,295,60,64,0,0,1,0,0
741,266,52,58,1,0,1,0,0
671,259,59,60,0,0,1,0,0
568,327,78,76,0,0,1,0,0
426,306,85,93,0,0,1,0,0
498,297,65,75,1,0,1,0,0
505,218,54,57,0,0,1,0,0
620,359,85,94,0,0,1,0,0
430,239,54,59,2,0,1,0,0
904,588,120,153,0,0,0,0,0
886,436,75,72,2,0,1,0,0
722,473,96,120,0,0,0,0,0
959,301,65,68,0,0,0,0,0
901,232,42,50,1,0,2,0,1
240,373,103,124,0,0,1,0,0
307,279,84,90,0,0,1,0,0
358,250,72,72,1,0,1,0,0
585,194,43,45,0,0,1,0,0
0,435,41,178,2,0,1,0,0
0,380,63,132,0,0,0,0,0
0,213,69,82,0,0,1,0,0
103,214,54,47,2,0,2,0,0
846,503,99,101,2,0,1,0,0
234,297,80,110,2,0,2,0,0
316.jpg
15
917,254,107,175,1,0,1,0,0
882,207,57,60,2,0,2,0,0
762,132,67,95,2,0,1,0,0
688,50,119,158,0,0,1,0,0
571,143,70,81,1,0,2,0,0
544,163,33,49,0,0,2,0,0
480,181,51,56,0,0,2,0,0
398,148,43,65,0,0,2,0,0
421,165,37,55,1,0,2,0,0
349,152,55,81,0,0,1,0,0
257,141,93,116,0,0,1,0,0
202,184,58,64,2,0,1,0,0
66,132,95,102,0,0,1,0,0
31,189,63,64,1,0,2,0,1
229,142,46,54,2,0,2,0,0
317.jpg
6
160,456,54,64,0,0,1,1,0
494,279,41,48,0,0,1,0,0
599,274,31,45,0,0,1,0,0
639,264,48,52,0,0,1,1,0
776,246,56,56,0,0,1,1,0
926,303,38,43,2,0,1,0,0
318.jpg
2
401,316,169,253,0,0,0,0,0
765,163,160,259,0,0,0,0,0
319.jpg
3
216,175,73,88,0,0,0,0,0
453,285,53,76,1,0,0,0,0
884,267,75,88,0,0,1,0,1
320.jpg
7
256,238,140,199,0,0,1,0,0
422,223,147,224,0,0,2,0,0
81,634,50,72,0,0,1,0,0
264,659,52,68,0,0,1,0,0
417,671,51,62,0,0,1,0,0
614,708,36,57,1,0,1,0,0
362,981,86,52,0,0,1,0,1
321.jpg
3
140,278,84,82,0,0,1,0,0
458,264,82,112,0,0,0,0,0
856,282,76,90,0,0,1,0,0
322.jpg
2
229,440,133,169,1,0,0,0,0
392,259,232,322,0,0,0,0,0
323.jpg
2
336,242,152,202,0,0,0,0,0
712,278,126,152,0,0,0,0,0